intervals,Amex_v6.0-DD_IGHV_F.fna_freq,Danio_rerio_IMGT_ref_allele.fna_freq,Hsapiens_IGHV_ref_allele.fna_freq,Mus_musculus_C57BL_ref_allele.fna_freq,Xtrop_v9.1_IGHV_all_F.fna_freq
0,0.0,0.0,0.0015082956259426848,0.0002754820936639118,0.0012195121951219512
0.05,0.02682701202590194,0.0033613445378151263,0.013574660633484163,0.013223140495867768,0.032926829268292684
0.1,0.025901942645698426,0.018487394957983194,0.07013574660633484,0.04338842975206612,0.1573170731707317
0.15,0.022201665124884366,0.011764705882352941,0.11161387631975868,0.10771349862258953,0.03170731707317073
0.2,0.0,0.020168067226890758,0.0784313725490196,0.11005509641873278,0.0
0.25,0.011100832562442183,0.0067226890756302525,0.020361990950226245,0.046143250688705235,0.0
0.3,0.018501387604070305,0.020168067226890758,0.053544494720965306,0.02878787878787879,0.00975609756097561
0.35,0.0666049953746531,0.11092436974789915,0.36877828054298645,0.04628099173553719,0.02195121951219512
0.4,0.31267345050878814,0.31596638655462184,0.23755656108597284,0.1805785123966942,0.4024390243902439
0.45,0.4005550416281221,0.4,0.043740573152337855,0.34834710743801656,0.27439024390243905
0.5,0.09990749306197964,0.08571428571428572,0.0007541478129713424,0.07424242424242425,0.06341463414634146
0.55,0.014801110083256245,0.0067226890756302525,0.0,0.0009641873278236915,0.004878048780487805
0.6,0.0009250693802035153,0.0,0.0,0.0,0.0
0.65,0.0,0.0,0.0,0.0,0.0
0.7,0.0,0.0,0.0,0.0,0.0
0.75,0.0,0.0,0.0,0.0,0.0
0.8,0.0,0.0,0.0,0.0,0.0
0.85,0.0,0.0,0.0,0.0,0.0
0.9,0.0,0.0,0.0,0.0,0.0
0.95,0.0,0.0,0.0,0.0,0.0
1.0,0.0,0.0,0.0,0.0,0.0
